4.000
4.094
4.125
4.097
4.018
3.897
3.747
3.583
3.419
3.267
3.142
3.053
3.006
3.006
3.053
3.142
3.267
3.419
3.583
3.747
3.897
4.018
4.097
4.125
4.094
4.000
3.843
3.628
3.361
3.054
2.721
2.378
2.042
1.730
1.458
1.240
1.088
1.010
1.010
1.088
1.240
1.458
1.730
2.042
2.378
2.721
3.054
3.361
3.628
3.843
4.000
4.094
4.125
4.097
4.018
3.897
3.747
3.583
3.419
3.267
3.142
3.053
3.006
3.006
3.053
3.142
3.267
3.419
3.583
3.747
3.897
4.018
4.097
4.125
4.094
4.000
3.843
3.628
3.361
3.054
2.721
2.378
2.042
1.730
1.458
1.240
1.088
1.010
1.010
1.088
1.240
1.458
1.730
2.042
2.378
2.721
3.054
3.361
3.628
3.843
