5.000
4.939
4.661
4.250
3.823
3.500
3.376
3.496
3.844
4.348
4.897
5.366
5.653
5.698
5.499
5.118
4.657
4.239
3.975
3.938
4.142
4.543
5.045
5.528
5.874
6.000
5.874
5.528
5.045
4.543
4.142
3.938
3.975
4.239
4.657
5.118
5.499
5.698
5.653
5.366
4.897
4.348
3.844
3.496
3.376
3.500
3.823
4.250
4.661
4.939
5.000
4.814
4.410
3.875
3.326
2.882
2.640
2.644
2.881
3.277
3.721
4.092
4.284
4.240
3.958
3.500
2.968
2.486
2.165
2.078
2.240
2.606
3.081
3.544
3.878
4.000
3.878
3.544
3.081
2.606
2.240
2.078
2.165
2.486
2.968
3.500
3.958
4.240
4.284
4.092
3.721
3.277
2.881
2.644
2.640
2.882
3.326
3.875
4.410
4.814
