2,000
2,278
2,464
2,538
2,487
2,309
2,014
1,622
1,162
0,672
0,191
-0,239
-0,580
-0,801
-0,881
-0,809
-0,588
-0,235
0,225
0,754
1,309
1,845
2,317
2,685
2,920
3,000
2,920
2,685
2,317
1,845
1,309
0,754
0,225
-0,235
-0,588
-0,809
-0,881
-0,801
-0,580
-0,239
0,191
0,672
1,162
1,622
2,014
2,309
2,487
2,538
2,464
2,278
2,000
1,660
1,289
0,920
0,585
0,309
0,112
0,004
-0,014
0,054
0,191
0,379
0,596
0,817
1,021
1,191
1,314
1,383
1,400
1,372
1,309
1,227
1,141
1,067
1,018
1,000
1,018
1,067
1,141
1,227
1,309
1,372
1,400
1,383
1,314
1,191
1,021
0,817
0,596
0,379
0,191
0,054
-0,014
0,004
0,112
0,309
0,585
0,920
1,289
1,660
